45785.67        67.2
46066.03        55.8 1
46161.74        7.9 1
46423.02        16.6 1
46424.94        52.7 1
46426.00        67.0 1
46426.92        66.2 1
46427.99        54.3 1
46433.00        10.4 1
46449.97        30.1 1
46451.86        2.1 1
46453.77        10.6 1
46486.76        48.0 1
46487.85        65.2 1
46488.69        67.2 1
46489.81        58.6 1
46493.69        -0.8 1
46514.74        -0.5 1
46516.67        29.3 1
46537.67        34.6 1
46540.65        66.4 1
46541.64        55.5 1
46776.00        43.4 1
46776.06        45.3 1
46805.01        8.8 1
46806.02        25.0 1
46808.03        63.1 1
47842.04        64.1 1
47847.96        -0.2 1